CLL	GR	95.609	38.696	255.814	51.308	13.003	-13.335	-69.41	604.9	6.9	199401101553	1	1	1367.02	0.000000810937	0.96	4.83	-0.7	S	0.99	1.1	0.12	T	100	100	-100	80	100	0.21	0	0.12	0.7	9.9	0.94	0.95	0.98	0.1	0.23	21.43	20.7	0.04	0.24	0	0	0	0
ALE	II	95.758	0.93	186.907	82.503	-62.35	-13.335	-69.41	604.9	6.9	199401101553	-1	1	1368.5	0.00000079495	0.99	2.11	-4.3	S	0.99	0.91	0.02	T	100	100	-100	80	100	0.49	0	0.03	-3.1	4.9	0.9	1	0.96	0.15	0.38	18.52	20.7	-0.11	-0.16	0	0	0	0
KONO	IU	95.923	30.078	253.874	59.649	9.598	-13.335	-69.41	604.9	6.9	199401101553	1	1	1369.79	0.0000010296	0.9	3.76	2.9	S	0.99	0.61	0.01	T	100	100	-100	80	100	0.32	0	0.13	3.8	9.2	0.61	1	0.91	0.24	0.34	12.52	20.7	-0.39	0.14	0	0	0	0
AFI	IU	98.493	253.544	105.984	-13.909	-171.777	-13.335	-69.41	604.9	6.9	199401101553	-1	0	1390.27	0.000000536802	0.94	1.07	6.2	S	0.99	0.31	0.56	T	100	100	-100	80	100	0	0	0.3	6.7	10.3	0.39	1	0.78	0.02	0.66	7.99	20.7	-0.61	-0.74	0	0	0	0
OBN	II	97.187	26.741	311.098	55.115	36.567	15.902	-92.444	190.1	6.9	199403142051	1	1	1454.68	0.00000220332	0.98	11.01	5.9	S	1	0.86	0.1	T	100	100	-100	80	100	0.53	0	0.09	7.3	16.3	0.85	0.99	0.98	0.06	0.18	20.83	24.6	-0.15	0.44	0	0	0	0
WLF	GE	98.97	38	236.711	49.665	6.153	-28.247	-63.221	554.4	6.9	199404290711	-1	1	1404.91	0.000000737673	0.98	2.72	-1.1	S	1	0.56	0.03	T	100	100	-100	80	100	0.62	0	0.05	-0.2	5.2	0.56	1	0.88	0.13	0.36	12.52	22.5	-0.44	-0.29	0	0	0	0
HGN	NL	99.456	36.989	236.703	50.764	5.932	-28.247	-63.221	554.4	6.9	199404290711	-1	1	1409.01	0.00000107319	1	8.34	-1.6	S	1	0.7	0.02	T	100	100	-100	80	100	1	0	0.03	-0.6	6	0.68	1	0.95	0.07	0.13	15.21	22.5	-0.32	-0.3	0	0	0	0
BFO	GR	99.459	39.922	238.042	48.331	8.33	-28.247	-63.221	554.4	6.9	199404290711	-1	1	1408.98	0.000000737908	0.99	4.03	-1.1	S	0.99	0.82	0.05	T	100	100	-100	80	100	0.82	0	0.09	0.1	7.9	0.8	1	0.97	0.12	0.12	17.93	22.5	-0.2	-0.26	0	0	0	0
WLF	GE	99.065	37.952	236.408	49.665	6.153	-28.501	-63.096	600.5	6.9	199405100636	-1	1	1397.59	0.0000037875	1	10.76	-0.4	S	1	0.75	0.01	T	100	100	-100	80	100	1	0	0.01	0.7	7.9	0.82	1	0.99	0.01	0.05	16.73	20.5	-0.18	-0.53	0	0	0	0
BFO	GR	99.543	39.877	237.736	48.331	8.33	-28.501	-63.096	600.5	6.9	199405100636	-1	1	1401.57	0.00000309306	1	12.31	0.2	S	1	1.18	0.02	T	100	100	-100	80	100	1	0	0.02	1.5	10.3	0.01	0.97	0.98	0.03	0.34	20.14	20.5	-0.02	-0.51	0	0	0	0
HGN	NL	99.556	36.944	236.402	50.764	5.932	-28.501	-63.096	600.5	6.9	199405100636	-1	1	1401.74	0.00000345728	1	11.38	-0.7	S	1	0.79	0.02	T	100	100	-100	80	100	1	0	0.03	0.4	8.2	0.87	1	0.99	0.04	0.18	17.75	20.5	-0.13	-0.54	0	0	1	100
SYO	PS	101.699	197.683	50.049	-69.007	39.585	24.712	95.212	116.1	6.1	199408082108	-1	1	1512.4	0.0000000673117	0.98	1.3	-3.5	S	0.99	1.16	0.06	T	100	100	-100	80	100	0.05	0	0.08	-2.1	7.1	0.39	0.96	0.97	0.12	0.29	21.18	20.7	0.02	-0.29	0	0	0	0
DPC	CZ	96.958	319.932	90.608	50.358	16.411	-5.765	110.417	660.5	6.6	199409281639	1	1	1369.05	0.000000222025	0.97	16.28	1.7	S	0.99	1.87	0.12	T	100	100	-100	80	100	0.18	0	0.12	3.3	16.5	9.89	0.92	0.86	0.06	0.63	30.68	19.1	0.61	0.29	0	0	0	0
DPC	CZ	96.746	319.944	90.634	50.358	16.411	-5.589	110.186	560.6	6.5	199411152018	1	1	1382.09	0.000000172412	1	3.97	0.6	S	1	1.77	0.21	T	100	100	-100	80	100	0.05	0	0.2	1.9	3.5	5.19	0.88	0.87	0.21	0.2	34.72	27.3	0.27	0.31	0	0	0	0
AQU	MN	98.819	311.862	89.556	42.354	13.405	-5.589	110.186	560.6	6.5	199411152018	1	1	1399.68	0.000000378576	0.99	5.63	-2.6	S	1	0.98	0.02	T	100	100	-100	80	100	1	0	0.03	-1	10	0.93	1	1	0.07	0.28	25.25	27.3	-0.08	0.22	0	0	0	0
TSK	PS	100.648	313.66	58.294	36.211	140.11	18.115	-101.429	53.8	6.5	199412101617	-1	1	1513.28	0.000000802936	0.93	8.23	1.4	S	0.98	1.18	0.12	T	100	100	-100	80	100	0.19	0	0.14	3	13.2	0.45	0.94	0.97	0.11	0.47	23.68	23.3	0.02	-0.78	0	0	0	0
NOUC	G	98.653	249.613	73.996	-22.099	166.307	18.115	-101.429	53.8	6.5	199412101617	-1	0	1498.4	0.000000600057	1	4.27	12.4	S	1	0.86	0.02	T	100	100	-100	80	100	0.75	0	0.02	13.6	22	0.83	1	0.99	0.08	0.14	19.25	23.3	-0.17	-0.56	0	0	0	0
AQU	MN	96.579	47.785	252.466	42.354	13.405	-17.477	-69.598	148.2	6.3	199412120741	1	1	1460.01	0.000000787045	0.97	4.86	3.5	S	1	1.15	0.02	T	100	100	-100	80	100	0.92	0	0.07	4.9	13.9	1.49	0.96	0.99	0.19	0.26	20.75	19.3	0.07	0.37	0	0	0	0
CRZF	G	97.406	143.498	235.16	-46.43	51.861	-17.477	-69.598	148.2	6.3	199412120741	-1	1	1464.3	0.000000457006	0.98	3.38	3	S	1	1.09	0.06	T	100	100	-100	80	100	0.69	0	0.09	4.2	12.8	0.55	0.96	0.99	0.14	0.37	19.59	19.3	0.02	-0.88	0	0	0	0
ALE	II	99.894	0.966	187.037	82.503	-62.35	-17.477	-69.598	148.2	6.3	199412120741	1	1	1488.66	0.000000485327	1	8.8	-4.3	S	1	0.86	0.01	T	100	100	-100	80	100	1	0	0.04	-3.3	3.9	0.85	1	0.99	0.05	0.06	16.34	19.3	-0.15	0.58	0	0	1	100
DPC	CZ	100.781	40.577	255.73	50.358	16.411	-17.477	-69.598	148.2	6.3	199412120741	1	1	1495.92	0.000000133309	0.96	7.32	2.2	S	0.99	1.38	0.11	T	100	100	-100	80	100	0.21	0	0.1	3.8	14.2	4.08	0.95	0.95	0.1	0.69	24.09	19.3	0.25	0.43	0	0	0	0
GOMA	XD	97.399	97.423	251.745	-4.839	29.693	-17.477	-69.598	148.2	6.3	199412120741	-1	0	1465.74	1003880000000	0.91	0.82	-19.6	S	0.91	2.51	0.44	T	100	100	-100	80	100	0	0	0.43	-18.3	-3.7	11.19	0.84	0.72	0.22	0.6	33.57	19.3	0.74	-0.36	0	0	0	0
MBC	CN	98.191	349.366	132.623	76.242	-119.36	-17.477	-69.598	148.2	6.3	199412120741	1	0	1474.21	1772.81	0.97	3.29	1.5	S	0.99	0.75	0.07	T	100	100	-100	80	100	0	0	0.08	2.4	8.4	0.72	0.99	0.96	0.51	0.8	13.83	19.3	-0.28	0.58	0	0	0	0
PAND	XD	99.407	102.511	250.577	-8.983	33.242	-17.477	-69.598	148.2	6.3	199412120741	-1	0	1482.79	845104000000	0.82	1.55	-6	S	0.92	2.29	0.2	T	100	100	-100	80	100	0.05	0	0.21	-4.8	10.2	11.92	0.84	0.77	0.34	1.22	34.62	19.3	0.79	-0.44	0	0	1	100
DPC	CZ	101.023	322.34	72.357	50.358	16.411	2.522	126.976	51.2	6.2	199501210730	1	1	1517.88	0.000000166955	0.98	5.67	6.3	S	0.99	1.43	0.06	T	100	100	-100	80	100	0.89	0	0.08	8.2	20.8	6.14	0.94	0.94	0.12	0.23	29.11	23.4	0.24	0.63	0	0	0	0
AFI	IU	96.001	256.511	87.235	-13.909	-171.777	4.104	-76.622	73.5	6.4	199502081840	-1	1	1470.08	0.000000614281	0.89	3.54	10.7	S	0.98	1.48	0.05	T	100	100	-100	80	100	0.33	0	0.11	12.4	24	4.84	0.93	0.94	0.21	0.52	26.62	21	0.27	-0.36	0	0	0	0
OBN	II	99.605	32.392	291.556	55.115	36.567	4.104	-76.622	73.5	6.4	199502081840	1	1	1500.24	0.000000827143	0.99	8.36	-1.8	S	1	0.73	0.02	T	100	100	-100	80	100	1	0	0.04	-0.8	5.8	0.73	1	0.96	0.06	0.27	15.24	21	-0.27	0.71	0	0	1	1100
YKW4	CN	97.109	24.3	298.227	62.492	-114.743	6.26	126.837	98.2	6.6	199504200845	-1	1	1474.18	775.87	0.95	4.86	-1.5	S	1	0.54	0.1	T	100	100	-100	80	100	0.34	0	0.15	-0.6	5.2	0.5	1	0.87	0.19	0.25	13.44	27	-0.5	-0.72	0	0	0	0
YKW3	CN	97.13	24.209	298.357	62.562	-114.61	6.26	126.837	98.2	6.6	199504200845	-1	1	1474.36	1136.08	0.98	5.44	-2.5	S	1	0.53	0.04	T	100	100	-100	80	100	1	0	0.08	-1.6	4.4	0.51	1	0.87	0.12	0.11	13.71	27	-0.49	-0.72	0	0	0	0
YKW2	CN	97.194	24.321	298.348	62.434	-114.604	6.26	126.837	98.2	6.6	199504200845	-1	1	1474.91	959.171	0.99	4.08	-2.1	S	1	0.58	0.03	T	100	100	-100	80	100	0.85	0	0.07	-1.2	5	0.53	1	0.9	0.1	0.16	14.26	27	-0.47	-0.72	0	0	0	0
YKW1	CN	97.219	24.252	298.463	62.482	-114.484	6.26	126.837	98.2	6.6	199504200845	-1	1	1475.13	899.862	0.99	4.36	-3.4	S	1	0.73	0.03	T	100	100	-100	80	100	0.89	0	0.07	-2.2	5.8	0.68	1	0.96	0.11	0.32	18.3	27	-0.32	-0.72	0	0	0	0
PMB	CN	97.735	37.232	289.572	50.519	-123.076	6.26	126.837	98.2	6.6	199504200845	-1	1	1479.72	0.000000556737	0.93	4.48	-0.8	S	0.93	1.11	0.13	T	100	100	-100	80	100	0.1	0	0.12	0.9	12.5	0.01	0.89	0.92	0.11	0.25	26.76	27	-0.01	-0.64	0	0	0	0
BGCA	GT	95.656	85.196	266.72	5.176	18.424	-3.783	-76.926	116.9	6.7	199505020606	1	1	1458.68	0.000000922696	0.98	4.22	6.4	S	1	1.57	0.07	T	100	100	-100	80	100	0.38	0	0.08	8.2	20.2	7.65	0.94	0.9	0.14	0.35	27.68	19.7	0.41	0.11	0	0	0	0
SYO	PS	95.703	161.091	243.814	-69.007	39.585	-3.783	-76.926	116.9	6.7	199505020606	1	1	1458.36	0.00000060827	0.99	2.85	-0.3	S	1	1.63	0.06	T	100	100	-100	80	100	0.05	0	0.06	1.5	13.9	8.39	0.94	0.9	0.17	0.21	28.5	19.7	0.45	0.32	0	0	1	100
LVZ	II	101.51	21.047	288.744	67.898	34.651	-3.783	-76.926	116.9	6.7	199505020606	1	1	1508.61	0.000000309921	0.99	5.87	2.8	S	1	0.85	0.1	T	100	100	-100	80	100	0.23	0	0.13	3.9	11.1	0.85	1	0.98	0.19	0.22	16.68	19.7	-0.15	0.04	0	0	0	0
HYB	G	96.307	286.166	108.364	17.417	78.553	-19.489	169.265	134	6.6	199506291224	1	1	1461.3	0.00000226032	0.99	20.86	4.9	S	1	0.87	0.03	T	100	100	-100	80	100	1	0	0.04	6	13.6	0.85	1	0.99	0.03	0.19	17.36	20.5	-0.15	0.42	0	0	1	100
YKW4	CN	100.128	24.72	295.867	62.492	-114.743	2.52	127.71	86.3	6.4	199507262342	1	1	1502.81	621.72	0.97	11.67	1.5	S	1	0.52	0.09	T	100	100	-100	80	100	0.56	0	0.15	2.2	6.4	0.53	0.99	0.88	0.19	0.39	9.76	18.6	-0.48	0.83	0	0	0	0
PMB	CN	100.152	37.763	286.583	50.519	-123.076	2.52	127.71	86.3	6.4	199507262342	1	1	1503.16	0.000000423194	0.99	3.91	3.7	S	1	0.96	0.03	T	100	100	-100	80	100	0.82	0	0.06	4.9	12.3	0.93	1	1	0.1	0.21	17.22	18.6	-0.07	0.74	0	0	0	0
YKW3	CN	100.153	24.629	296.001	62.562	-114.61	2.52	127.71	86.3	6.4	199507262342	1	1	1503.02	665.438	0.98	8.73	0.9	S	1	0.64	0.06	T	100	100	-100	80	100	0.88	0	0.09	1.6	6.8	0.63	0.99	0.93	0.1	0.4	11.65	18.6	-0.37	0.84	0	0	0	0
YKW2	CN	100.212	24.745	295.986	62.434	-114.604	2.52	127.71	86.3	6.4	199507262342	1	1	1503.52	736.072	0.98	10.73	1.2	S	1	0.59	0.04	T	100	100	-100	80	100	1	0	0.09	1.9	6.7	0.6	1	0.92	0.13	0.4	11.06	18.6	-0.41	0.83	0	0	0	0
YKW1	CN	100.241	24.676	296.104	62.482	-114.484	2.52	127.71	86.3	6.4	199507262342	1	1	1503.76	774.711	0.99	9.92	0.9	S	1	0.62	0.02	T	100	100	-100	80	100	1	0	0.06	1.6	6.8	0.63	1	0.92	0.08	0.35	11.65	18.6	-0.37	0.84	0	0	0	0
DPC	CZ	101.473	322.487	71.766	50.358	16.411	2.52	127.71	86.3	6.4	199507262342	1	1	1514.29	0.000000215101	0.98	6.02	4.2	S	1	2.84	0.09	T	100	100	-100	80	100	0.58	0	0.08	5.5	20.5	14.14	0.89	0.78	0.14	0.35	34.77	18.6	0.87	0.68	0	0	0	0
OBN	II	98.174	32.522	291.251	55.115	36.567	5.139	-75.577	119.6	6.5	199508192143	1	1	1481.97	0.000000991461	1	6.46	-1.3	S	1	0.82	0.03	T	100	100	-100	80	100	1	0	0.03	-0.1	7.5	0.84	1	0.98	0.04	0.37	17.55	21	-0.16	0.49	0	0	1	100
DPC	CZ	97.713	329.76	48.142	50.358	16.411	18.809	145.227	613.9	7.1	199508230706	1	1	1380.68	0.00000032565	0.94	8.14	3.3	S	0.98	1.14	0.1	T	100	100	-100	80	100	0.33	0	0.11	4.7	14.1	0.53	0.95	0.98	0.1	0.34	21.64	21.2	0.02	0.12	0	0	0	0
SSB	G	95.06	329.682	38.649	45.279	4.542	29.294	139.128	450	6.1	199510011706	1	1	1384.88	0.000000244194	0.95	2.3	-4.4	S	0.98	0.82	0.1	T	100	100	-100	80	100	0.05	0	0.12	-3.3	3.5	0.83	0.98	0.97	0.19	0.57	15.75	19.1	-0.18	0.93	0	0	0	0
RES	CN	97.936	10.276	317.927	74.689	-94.896	3.588	126.647	33	6.2	199511130217	-1	1	1490.96	0.00000114795	0.98	2.98	1.8	S	0.98	1.81	0.14	T	100	100	-100	80	100	0.07	0	0.17	3.7	16.3	8.34	0.93	0.89	0.26	0.41	29.05	21.4	0.36	-0.18	0	0	1	1100
YKW4	CN	99.544	24.448	297.172	62.492	-114.743	3.588	126.647	33	6.2	199511130217	-1	1	1504.79	474.116	0.92	1.83	2.7	S	0.99	0.35	0.1	T	100	100	-100	80	100	0.12	0	0.12	3.2	7	0.4	0.99	0.81	0.12	0.32	8.46	21.4	-0.6	-0.31	0	0	0	0
PMB	CN	99.874	37.469	287.989	50.519	-123.076	3.588	126.647	33	6.2	199511130217	-1	1	1507.73	0.00000050296	0.97	0.9	7.4	S	1	1.56	0.03	T	100	100	-100	80	100	0.05	0	0.08	9.1	20.5	5.55	0.95	0.92	0.32	0.19	26.34	21.4	0.23	-0.39	0	0	0	0
YKW2	CN	99.629	24.471	297.292	62.434	-114.604	3.588	126.647	33	6.2	199511130217	-1	0	1505.5	218.334	0.64	0.94	-1.9	S	0.9	1.15	0.33	T	100	100	-100	80	100	0	0	0.34	-0.5	8.7	0.34	0.87	0.89	0.29	0.58	21.25	21.4	-0.01	-0.31	0	0	0	0
MBC	CN	96.026	13.692	279.25	76.242	-119.36	-3.675	140.229	70.4	6.5	199512192328	-1	1	1471.69	1289.02	0.98	2.68	-3.2	S	0.99	0.87	0.08	T	100	100	-100	80	100	0.43	0	0.11	-2.1	5.5	0.87	0.99	0.98	0.11	0.41	17.32	20	-0.13	-0.43	0	0	0	0
LVZ	II	99.228	338.327	76.885	67.898	34.651	-3.675	140.229	70.4	6.5	199512192328	-1	1	1499.13	0.000000466439	0.95	5.14	-3.6	S	0.96	0.99	0.11	T	100	100	-100	80	100	0.23	0	0.13	-2.3	6.5	1.01	0.96	0.96	0.16	0.07	20.1	20	0.01	-0.52	0	0	0	0
ALE	II	100.611	2.941	337.055	82.503	-62.35	-3.675	140.229	70.4	6.5	199512192328	-1	1	1510.79	0.00000030441	0.99	6.47	-2.5	S	1	0.97	0.05	T	100	100	-100	80	100	1	0	0.1	-1.3	6.7	0.93	1	1	0.18	0.21	18.52	20	-0.07	-0.49	0	0	0	0
OBN	II	100.809	325.365	80.841	55.115	36.567	-3.675	140.229	70.4	6.5	199512192328	-1	1	1512.57	0.00000053479	0.92	7.26	-3.6	S	0.93	1.15	0.14	T	100	100	-100	80	100	0.05	0	0.14	-2.1	7.3	1.73	0.9	0.92	0.1	0.12	21.85	20	0.09	-0.45	0	0	0	0
OBN	II	97.135	324.662	91.813	55.115	36.567	-6.903	129.151	141.9	7	199512250443	-1	1	1468.45	0.00000333184	0.98	9.37	-2	S	0.98	1.18	0.06	T	100	100	-100	80	100	0.94	0	0.05	-0.6	8.8	1.87	0.95	0.97	0.03	0.35	21.47	19.3	0.11	-0.49	0	0	1	100
LVZ	II	98.084	337.603	88.4	67.898	34.651	-6.903	129.151	141.9	7	199512250443	-1	1	1476.58	0.00000279391	0.92	6.57	-3.6	S	0.98	1.18	0.11	T	100	100	-100	80	100	0.19	0	0.1	-2.2	7.2	2.07	0.94	0.96	0.06	0.34	21.74	19.3	0.13	-0.45	0	0	1	100
WHY	CN	98.892	29.725	271.746	60.66	-134.881	-6.903	129.151	141.9	7	199512250443	-1	1	1483.47	0.0000136135	1	9.42	3.6	S	1	1.64	0.03	T	100	100	-100	80	100	1	0	0.03	5.6	18.2	8.15	0.94	0.9	0.12	0.03	29.32	19.3	0.52	-0.24	0	0	0	0
INK	CN	99.081	21.93	274.19	68.306	-133.525	-6.903	129.151	141.9	7	199512250443	-1	1	1485.08	0.00000988519	0.99	5.81	-2.2	S	0.99	1.58	0.06	T	100	100	-100	80	100	0.87	0	0.07	-0.4	12	7.34	0.94	0.91	0.1	0.41	28.43	19.3	0.47	-0.26	0	0	0	0
KEG	MN	99.79	299.115	92.365	29.927	31.829	-6.903	129.151	141.9	7	199512250443	-1	1	1491.08	0.00000446245	0.99	9.08	3.6	S	1	1.16	0.03	T	100	100	-100	80	100	0.61	0	0.03	5	14.2	1.81	0.96	0.99	0.05	0.7	21.39	19.3	0.11	-0.45	0	0	0	0
DLBC	CN	101.501	31.824	275.552	58.437	-130.027	-6.903	129.151	141.9	7	199512250443	-1	1	1505.49	0.00000180538	0.73	1.71	4.3	S	1	1.24	0.2	T	100	100	-100	80	100	0.05	0	0.23	5.8	15.8	3.19	0.96	0.97	0.36	0.48	23.2	19.3	0.2	-0.25	0	0	0	0
PMB	CN	95.295	329.821	138.87	50.519	-123.076	-33.531	-71.437	66.4	6	199602221340	-1	1	1468.66	0.000000628631	0.98	3.17	-1.8	S	0.99	1.2	0.08	T	100	100	-100	80	100	0.46	0	0.09	0	11.4	1.37	0.95	0.98	0.11	0.25	26.46	24.4	0.08	-0.64	0	0	0	0
RES	CN	99.883	10.198	318.236	74.689	-94.896	1.718	126.135	107.1	6.4	199602280944	1	1	1496.36	0.00000281359	0.99	2.87	2	S	0.99	1.83	0.04	T	100	100	-100	80	100	0.65	0	0.05	3.5	14.1	5.52	0.95	0.93	0.09	0.36	24.23	16.5	0.47	0.17	0	0	1	100
DPC	CZ	101.14	322.083	73.533	50.358	16.411	1.718	126.135	107.1	6.4	199602280944	-1	1	1507.19	0.000000205856	0.98	11.64	3.4	S	0.98	1.25	0.09	T	100	100	-100	80	100	0.47	0	0.09	4.7	13.5	2.57	0.96	0.97	0.08	0.59	20.2	16.5	0.22	-0.24	0	0	0	0
PMB	CN	101.745	37.558	287.357	50.519	-123.076	1.718	126.135	107.1	6.4	199602280944	1	1	1512.27	0.00000140026	0.99	6.13	2.5	S	0.99	1.99	0.05	T	100	100	-100	80	100	0.99	0	0.06	4.2	15.6	6.99	0.95	0.9	0.07	0.21	26.31	16.5	0.59	0.3	0	0	0	0
CRZF	G	96.916	211.649	136.173	-46.43	51.861	-24.061	-177.036	110.9	7.2	199604160030	1	1	1468.51	0.00000313928	0.98	9.54	9.8	S	1	0.99	0.05	T	100	100	-100	80	100	1	0	0.05	11.4	22.6	0.98	1	1	0.05	0.42	25.73	26.4	-0.03	0.4	0	0	0	0
INK	CN	97.634	14.957	219.32	68.306	-133.525	-24.061	-177.036	110.9	7.2	199604160030	-1	1	1479.03	0.0000328152	0.98	12.87	5.3	S	1	1.11	0.12	T	100	100	-100	80	100	0.33	0	0.12	7	18.4	0.57	0.95	0.99	0.08	0.06	26.43	26.4	0	-0.37	0	0	1	100
YKW4	CN	99.463	24.62	234.986	62.492	-114.743	-24.061	-177.036	110.9	7.2	199604160030	-1	1	1494.52	5282.81	0.99	4.08	7.6	S	1	0.46	0.06	T	100	100	-100	80	100	0.77	0	0.12	8.4	13.6	0.45	1	0.82	0.17	0.2	11.81	26.4	-0.55	-0.21	0	0	0	0
YKW2	CN	99.482	24.707	235.095	62.434	-114.604	-24.061	-177.036	110.9	7.2	199604160030	-1	1	1494.68	6810.29	0.99	8.88	7.4	S	1	0.46	0.03	T	100	100	-100	80	100	1	0	0.1	8.2	13.4	0.45	1	0.82	0.17	0.3	11.81	26.4	-0.55	-0.21	0	0	0	0
YKW3	CN	99.553	24.598	235.108	62.562	-114.61	-24.061	-177.036	110.9	7.2	199604160030	-1	1	1495.28	6928.27	0.99	7.57	7.4	S	1	0.47	0.03	T	100	100	-100	80	100	1	0	0.08	8.2	13.4	0.46	1	0.83	0.13	0.28	12.06	26.4	-0.54	-0.21	0	0	0	0
YKW1	CN	99.555	24.698	235.203	62.482	-114.484	-24.061	-177.036	110.9	7.2	199604160030	-1	1	1495.3	6431.17	0.99	5.48	7	S	1	0.47	0.03	T	100	100	-100	80	100	1	0	0.09	7.8	13	0.46	1	0.83	0.14	0.35	12.06	26.4	-0.54	-0.21	0	0	1	100
VSL	MN	98.778	323.465	43.013	39.496	9.378	27.705	139.881	491.3	6.3	199606260322	1	1	1409.79	0.000000279898	1	9.3	-0.3	S	1	1.01	0.03	T	100	100	-100	80	100	1	0	0.02	1.3	11.7	0.01	0.96	1	0.06	0.23	24.05	24.3	-0.01	0.72	0	0	0	0
WDD	MN	95.133	53.509	246.624	35.837	14.524	-21.999	-65.719	276.2	7	199701230215	1	1	1428.29	0.00000406377	0.99	7.49	3.3	S	1	0.86	0.1	T	100	100	-100	80	100	0.54	0	0.14	4.8	14.8	0.83	1	0.99	0.17	0.41	23.03	27.9	-0.17	0.4	0	0	0	0
ECH	G	95.424	39.937	242.932	48.216	7.158	-21.999	-65.719	276.2	7	199701230215	1	1	1431.13	0.00000585389	0.99	17.94	3.5	S	1	0.83	0.1	T	100	100	-100	80	100	0.52	0	0.12	4.9	14.3	0.78	1	0.98	0.13	0.37	21.63	27.9	-0.22	0.59	0	0	0	0
WLF	GE	95.502	38.338	242.328	49.665	6.153	-21.999	-65.719	276.2	7	199701230215	1	1	1431.84	0.00000606509	0.99	14.4	0.8	S	1	0.8	0.1	T	100	100	-100	80	100	0.54	0	0.11	2.1	11.3	0.76	1	0.98	0.09	0.3	21.08	27.9	-0.24	0.61	0	0	0	0
HGN	NL	95.888	37.292	242.263	50.764	5.932	-21.999	-65.719	276.2	7	199701230215	1	1	1435.19	0.00000526428	1	12.58	1.1	S	1	0.76	0.1	T	100	100	-100	80	100	0.52	0	0.14	2.4	11.2	0.73	1	0.97	0.2	0.41	20.26	27.9	-0.27	0.63	0	0	1	100
GSH	GR	96.128	37.449	242.593	50.737	6.38	-21.999	-65.719	276.2	7	199701230215	1	1	1437.26	0.00000464286	1	4.13	-0.3	S	1	0.99	0.02	T	100	100	-100	80	100	0.35	0	0.04	1.4	12.6	0.93	1	1	0.22	0.38	25.88	27.9	-0.07	0.63	0	0	0	0
BFO	GR	96.176	40.187	243.779	48.331	8.33	-21.999	-65.719	276.2	7	199701230215	1	1	1437.62	0.00000504364	1	17.58	0.1	S	1	0.95	0.09	T	100	100	-100	80	100	0.57	0	0.12	1.7	12.7	0.91	1	1	0.18	0.52	25.33	27.9	-0.09	0.59	0	0	0	0
MTJA	XU	96.583	217.122	129.135	-43.986	170.465	-21.999	-65.719	276.2	7	199701230215	-1	1	1437.55	0.000023219	0.98	23.67	8.4	S	1	1.92	0.14	T	100	100	-100	80	100	0.1	0	0.16	9.7	24.7	9.55	0.9	0.91	0.08	0.45	34.81	27.9	0.25	-0.63	0	0	0	0
AQU	MN	96.919	47.156	246.587	42.354	13.405	-21.999	-65.719	276.2	7	199701230215	1	1	1443.86	0.0000045711	0.99	6.33	4.7	S	1	0.87	0.09	T	100	100	-100	80	100	0.57	0	0.13	6.3	16.3	0.84	1	0.99	0.18	0.33	23.29	27.9	-0.17	0.49	0	0	1	100
BUG	GR	96.947	37.068	243.322	51.446	7.264	-21.999	-65.719	276.2	7	199701230215	1	1	1444.31	0.00000496901	0.99	9.55	-1.3	S	1	0.88	0.09	T	100	100	-100	80	100	0.57	0	0.13	0.3	10.3	0.84	1	0.99	0.14	0.19	23.29	27.9	-0.17	0.63	0	0	1	100
TNS	GR	97.078	38.508	244.063	50.224	8.449	-21.999	-65.719	276.2	7	199701230215	1	1	1445.41	0.00000527794	1	8	0.1	S	1	1.01	0.04	T	100	100	-100	80	100	1	0	0.03	1.8	13.6	0.01	0.95	1	0.06	0.31	27.06	27.9	-0.03	0.61	0	0	1	100
WIT	NL	97.238	35.669	243.027	52.813	6.67	-21.999	-65.719	276.2	7	199701230215	1	1	1446.83	0.00000687229	0.99	10.52	-0.9	S	0.99	0.8	0.09	T	100	100	-100	80	100	0.63	0	0.09	0.5	9.7	0.77	0.99	0.97	0.08	0.13	21.37	27.9	-0.23	0.65	0	0	1	100
CII	MN	97.287	48.006	247.083	41.723	14.305	-21.999	-65.719	276.2	7	199701230215	1	1	1447.01	0.00000652906	0.96	5.59	5.9	S	1	0.68	0.09	T	100	100	-100	80	100	0.48	0	0.12	7.1	15.1	0.66	1	0.94	0.2	0.32	18.33	27.9	-0.34	0.48	0	0	1	100
FUR	GR	97.887	41.184	245.849	48.164	11.277	-21.999	-65.719	276.2	7	199701230215	1	1	1452.28	0.00000621221	0.97	12.24	3.2	S	0.99	0.78	0.09	T	100	100	-100	80	100	0.6	0	0.08	4.6	13.6	0.75	0.99	0.97	0.05	0.27	20.81	27.9	-0.25	0.58	0	0	1	100
RES	CN	98.318	352.471	152.776	74.689	-94.896	-21.999	-65.719	276.2	7	199701230215	1	1	1456.32	0.0000682485	1	38.34	-0.2	S	1	1.14	0.04	T	100	100	-100	80	100	1	0	0.05	1.6	13.4	0.56	0.95	0.99	0.08	0.13	27.47	27.9	-0.02	0.95	0	0	1	100
GRC1	GR	98.374	40.482	246.131	48.996	11.521	-21.999	-65.719	276.2	7	199701230215	1	1	1456.46	0.00000492337	0.99	10.09	1.2	S	1	0.99	0.02	T	100	100	-100	80	100	1	0	0.04	2.9	14.1	0.93	1	1	0.08	0.33	25.88	27.9	-0.07	0.59	0	0	0	0
TRI	MN	98.473	44.145	247.24	45.709	13.764	-21.999	-65.719	276.2	7	199701230215	1	1	1457.23	0.0000056299	1	19.89	2.2	S	1	0.98	0.01	T	100	100	-100	80	100	1	0	0.02	3.9	15.1	0.93	1	1	0.04	0.32	25.88	27.9	-0.07	0.54	0	0	1	100
GRA1	GR	98.477	39.758	246.011	49.692	11.222	-21.999	-65.719	276.2	7	199701230215	1	1	1457.35	0.00000572349	0.99	7.3	1.7	S	1	0.98	0.02	T	100	100	-100	80	100	1	0	0.03	3.4	14.6	0.93	1	1	0.08	0.26	25.88	27.9	-0.07	0.6	0	0	0	0
GRB1	GR	98.612	40.151	246.279	49.391	11.652	-21.999	-65.719	276.2	7	199701230215	1	1	1458.49	0.00000610627	1	8.87	2.3	S	1	0.89	0.01	T	100	100	-100	80	100	1	0	0.02	3.8	14	0.85	1	0.99	0.06	0.23	23.57	27.9	-0.16	0.59	0	0	0	0
PAF	G	98.82	152.581	220.79	-49.351	70.213	-21.999	-65.719	276.2	7	199701230215	-1	1	1456.49	0.00000731261	1	41.28	6	S	1	0.89	0.02	T	100	100	-100	80	100	1	0	0.03	7.5	17.7	0.85	1	0.99	0.05	0.27	23.57	27.9	-0.16	-0.86	0	0	0	0
CLZ	GR	98.867	37.547	245.689	51.843	10.374	-21.999	-65.719	276.2	7	199701230215	1	1	1460.7	0.00000472546	1	7.73	-0.2	S	1	0.97	0.02	T	100	100	-100	80	100	1	0	0.03	1.5	12.7	0.93	1	1	0.1	0.16	25.88	27.9	-0.07	0.63	0	0	1	100
MOX	GR	99.095	38.977	246.432	50.646	11.616	-21.999	-65.719	276.2	7	199701230215	1	1	1462.6	0.00000507436	0.99	7.55	2.1	S	1	0.93	0.02	T	100	100	-100	80	100	1	0	0.04	3.8	14.6	0.9	1	1	0.09	0.32	25.05	27.9	-0.1	0.61	0	0	1	100
WET	GR	99.253	40.702	247.121	49.145	12.88	-21.999	-65.719	276.2	7	199701230215	1	1	1463.92	0.00000579641	0.99	7.82	2.1	S	1	0.92	0.03	T	100	100	-100	80	100	1	0	0.05	3.7	14.5	0.89	1	1	0.12	0.27	24.78	27.9	-0.11	0.58	0	0	0	0
WHY	CN	99.353	332.188	118.492	60.66	-134.881	-21.999	-65.719	276.2	7	199701230215	1	1	1464.94	0.0000412419	1	25.72	-1.9	S	1	1.53	0.04	T	100	100	-100	80	100	1	0	0.05	0	13	3.49	0.94	0.97	0.05	0.37	29.85	27.9	0.07	0.9	0	0	1	100
BSEG	GR	99.694	35.595	245.958	53.935	10.317	-21.999	-65.719	276.2	7	199701230215	1	1	1467.74	0.00000511428	1	8.43	-3.1	S	1	0.95	0.02	T	100	100	-100	80	100	1	0	0.04	-1.4	9.4	0.9	1	1	0.07	0.1	25.05	27.9	-0.1	0.65	0	0	1	100
CLL	GR	100.16	38.706	247.552	51.308	13.003	-21.999	-65.719	276.2	7	199701230215	1	1	1471.62	0.0000043123	0.99	7.51	-0.1	S	1	1.03	0.03	T	100	100	-100	80	100	1	0	0.04	1.6	13.4	0.01	0.95	1	0.06	0.4	27.06	27.9	-0.03	0.61	0	0	1	100
BRG	GR	100.549	39.342	248.17	50.875	13.947	-21.999	-65.719	276.2	7	199701230215	1	1	1474.87	0.00000493044	0.99	6.4	1.4	S	1	1.01	0.04	T	100	100	-100	80	100	1	0	0.03	3.1	14.9	0.01	0.95	1	0.03	0.3	27.06	27.9	-0.03	0.6	0	0	1	100
DLBC	CN	96.091	331.524	122.759	58.437	-130.027	-21.999	-65.719	276.2	7	199701230215	1	0	1437.09	7129.1	0.91	17.59	9	S	0.98	0.86	0.14	T	100	100	-100	80	100	0	0	0.4	10.5	20.5	0.83	0.98	0.98	0.9	1.06	23.03	27.9	-0.17	0.9	0	0	0	0
BRNL	GR	100.789	37.734	248.007	52.428	13.358	-21.999	-65.719	276.2	7	199701230215	1	0	1476.91	0.00000534168	0.99	6.4	-9.6	S	1	0.77	0.1	T	100	100	-100	80	100	0.54	0	0.09	-8.3	0.7	0.74	1	0.97	0.11	0.16	20.54	27.9	-0.26	0.62	0	0	0	0
MOX	GR	98.253	39.431	251.489	50.646	11.616	-18.217	-69.249	55.6	6.1	199704011842	1	1	1495.21	0.000000240429	0.96	1.55	-3.7	S	1	0.93	0.04	T	100	100	-100	80	100	0.05	0	0.1	-2.6	4.6	0.88	1	1	0.31	0.18	16.56	18.9	-0.12	0.29	0	0	0	0
STU	GE	96.145	40.684	249.49	48.772	9.195	-18.217	-69.249	55.6	6.1	199704011842	1	0	1477.06	0.000000153931	0.48	1.99	-1.4	S	1	0.75	0.12	T	100	100	-100	80	100	0	0	0.4	-0.6	5	0.68	1	0.97	0.77	0.62	12.81	18.9	-0.32	0.27	0	0	0	0
