0.0995503
-0.00839209
0.106604
0.723457
0.383742
0.22997
0.125792
0.465587
0.575782
0.210656
0.704214
0.545115
0.292853
0.0745614
-0.0956848
0.0469765
0.184388
0.334539
0.260404
0.833518
0.221352
0.54301
-0.020613
0.381023
0.0703339
0.483219
0.49513
0.174688
0.392627
0.58454
0.4201
0.158747
0.0403008
-0.194469
0.669483
0.59082
0.531875
0.10622
-0.119979
0.355075
-0.212634
0.516055
-0.171393
0.0738091
-0.351581
0.307563
-0.462561
-0.494759
0.458363
0.182322
0.537609
0.587603
-0.207231
0.462756
0.449919
0.482421
0.471088
0.356029
-0.0805024
0.215088
-0.360546
0.320556
-0.133887
0.262268
0.53365
0.0855218
0.266355
0.426261
0.178207
0.213387
0.0207896
-0.317193
0.210867
0.649544
0.447722
-3.81123
-3.27107
0.588586
-0.0502502
0.230007
-0.0313425
-0.417323
0.377343
0.76859
0.621322
0.231647
0.210067
0.108577
0.525943
0.19201
-0.00318515
0.320509
-0.0805034
0.136752
0.0903818
-0.176973
0.589646
0.190651
0.393551
0.102832
0.713488
-0.230003
0.332563
0.612426
-0.122933
0.756284
-0.526944
-0.153541
-0.280277
0.0388389
-0.77811
0.0329644
-0.599624
-0.0344492
-0.306301
-0.614554
-0.408956
-0.495922
-0.164189
-0.0774838
0.141176
-0.624932
0.12375
-0.266867
-0.890195
0.697788
0.135088
0.186354
-1.07908
-0.33096
-0.184638
0.386297
0.19639
-0.416928
0.163388
0.362213
-0.276702
0.448113
-0.215644
-0.0966839
0.528625
-0.18958
-0.108082
0.395364
-0.100912
0.163234
0.491856
0.433501
-0.171558
0.596502
-0.16021
-0.242174
-0.0271604
0.639962
0.409855
-0.229585
0.169999
0.607015
0.436897
-0.0554694
-0.0828011
0.339994
0.0657009
0.261559
-0.192979
0.0831497
0.22907
0.177892
0.214768
-0.248556
0.113116
0.685363
-0.105415
-0.287652
-0.189886
0.581124
-0.101467
0.266378
0.0129725
0.834812
0.578215
-0.135625
0.468577
0.144311
0.639044
0.422844
0.601589
0.361057
0.51902
-0.232283
-0.104138
-0.0693883
-0.11079
0.418623
-0.028841
0.496924
-0.182898
0.248162
0.0672194
0.117762
0.239937
-0.147433
0.200723
-0.508279
-1.20492
0.564189
0.186847
0.145182
0.229387
-0.0106764
-0.340109
0.488643
0.475028
-0.300101
0.587541
-0.0452706
-0.0400281
0.561526
0.311194
0.302152
0.00691916
0.640022
-0.100153
0.279015
0.54802
0.76723
0.612357
-0.052676
0.0988614
0.219715
0.319376
0.223692
0.670189
-0.108186
-0.218922
0.154203
-0.00127547
-0.063539
0.436141
0.25427
0.7067
-0.232517
0.1437
0.696066
0.225114
0.305208
-0.178961
0.68965
0.0874018
-0.475709
-0.828467
0.427291
-0.359945
0.375
-0.362737
0.445357
-0.144236
-0.739692
0.289842
-0.0285011
-0.305737
0.533849
0.438595
0.280473
0.0576726
0.270458
0.320311
-0.185997
-0.239932
0.0533664
0.614073
0.354382
-0.0137691
-0.177441
0.282165
0.518282
0.391156
0.225071
0.136874
0.180897
0.670915
0.215761
0.0993687
0.65571
0.777782
1.05308
0.108909
0.517428
0.222323
-0.145161
0.0578682
0.718562
-0.22964
0.620298
0.0130485
0.43491
0.27472
0.117751
0.683577
0.474029
0.250614
-0.244455
0.358271
0.0740286
-0.0544631
0.0423355
0.0901633
0.198085
0.249537
0.125183
-0.15933
0.00383622
-0.782907
-0.733475
0.0155684
0.0390665
-0.0154607
0.175751
0.471455
0.116229
-0.117374
-0.23502
-0.17175
0.473019
0.0166593
0.728488
0.512702
-0.0468916
0.357142
-0.222961
-0.18766
0.369595
-0.0903054
-0.210502
0.687122
-0.122424
0.0423085
0.579979
0.502943
-0.179534
0.439378
0.127209
-0.172432
0.144164
0.196457
0.475889
0.382898
-0.359552
-0.265928
0.5931
-0.160555
0.603157
0.342504
0.23462
-0.246955
-0.0878615
0.193213
-0.00969634
0.328716
-0.520225
0.135158
0.414057
-0.177392
0.27896
-0.13736
-0.516173
-0.0856386
0.0474353
-0.181872
-0.271607
-0.324118
0.0971268
0.0900003
0.491876
0.491
0.671829
0.609582
0.548824
0.297892
0.617425
-0.190542
-0.214405
0.253234
-0.167549
-0.0786588
0.614174
-0.0974532
-0.229672
0.399024
-0.495632
0.127503
-0.142739
0.256117
-0.0326933
-0.102896
0.0798575
0.108606
0.258546
0.63591
0.630495
-0.184679
0.419398
0.0845026
0.46811
0.0755599
-0.184346
0.517843
0.0981427
0.722102
0.688205
0.560642
0.204176
0.417268
0.242473
0.328433
0.203755
-0.168313
0.328983
0.0248747
0.0247212
0.553257
0.294977
-0.0700366
-0.118138
-0.0300805
0.653129
0.100773
0.000785448
0.882296
0.192414
-0.169857
0.442809
-1.863
-2.22963
-0.360265
-1.06446
0.262642
0.244556
-0.133961
0.143999
0.178477
-0.0822461
-0.463758
-0.357054
-0.169387
0.613541
0.0996481
0.362873
-0.365159
0.568973
0.417147
0.0731691
0.0469448
0.533098
0.658626
-0.451064
0.00762233
0.325922
0.286562
0.153949
0.36655
0.47811
0.483818
0.474742
0.196701
0.168665
0.192561
-0.204938
0.0509272
0.356253
0.182636
-0.2191
0.208093
0.596085
-0.0315827
0.199584
-0.100404
0.587142
0.384129
0.789259
-0.0513681
-0.0697351
0.0906204
0.348504
0.0754736
0.265627
0.438659
0.605182
0.234803
0.199496
0.0526089
-0.0819181
0.563561
0.261403
-0.184645
-3.14063
-0.840259
0.501774
0.354743
-0.484296
-0.62851
0.545449
0.804332
0.180565
0.163417
-0.550295
-1.1162
-0.0479219
-0.375651
-0.362988
0.183952
0.428103
-0.143187
-0.372498
-0.169054
-0.319616
0.595421
0.0144142
0.568208
0.147486
0.561418
0.572888
-0.173734
0.241381
0.704781
0.277572
0.244354
-0.101557
-0.189231
-0.0810455
0.347219
0.182351
-0.172998
0.454164
-0.00914341
0.585526
0.00407737
-0.878548
-0.140829
0.266499
0.392973
-0.538362
-0.295602
-0.40366
0.44336
-0.137318
0.519999
0.259598
0.02415
0.281626
-0.147576
0.215927
-0.0551604
0.624858
0.120245
0.123987
0.554046
0.280094
-0.541451
0.274732
0.438235
0.00382345
0.589386
0.203992
0.389019
-0.247232
-0.182904
0.581732
0.527576
-0.0283894
0.316746
0.037027
0.514259
-0.204115
0.489643
0.381484
0.572748
0.382255
-0.605334
0.0274703
0.784774
-0.178065
-0.35552
0.311704
-0.515011
0.0818063
0.671212
0.45903
0.159826
0.431205
0.024981
-0.0363852
0.23268
0.367323
0.401231
-0.257504
-0.391737
0.117139
0.610762
-0.13739
0.00215107
0.131277
0.00569429
0.256516
0.225958
0.382167
0.359154
0.0382357
0.519499
-0.00578842
0.344883
0.472965
-0.150811
-1.95857
0.331162
0.369397
-0.657173
0.750206
0.483904
-0.423687
-0.383765
0.15076
0.35703
0.386619
0.536174
0.498438
-0.382835
-0.597186
0.0557779
0.0010698
0.141268
-0.0642442
0.202185
0.211135
0.403614
0.611516
0.290267
-0.139399
0.528693
0.498241
0.0708052
0.62373
0.616526
-0.407342
-0.190542
0.432329
0.256035
-0.133178
-0.147411
-0.205068
0.114181
-0.197699
0.425854
0.403348
0.464913
0.269944
-0.117406
0.0381998
0.457755
-0.185391
0.47681
0.0617302
0.354089
0.5405
-0.651541
-0.354184
-0.401324
-0.576732
-0.437643
0.0298494
0.315273
0.176655
0.292259
0.386693
-0.356069
0.313362
0.488779
-0.157626
-0.256299
0.677321
0.224956
0.0847166
0.397537
-0.240731
0.137238
-0.028436
-0.317878
0.535839
0.116953
-0.12709
0.179463
0.284384
0.0589364
0.200318
0.405552
0.38858
0.206916
0.56861
0.169222
0.34628
0.288942
0.59115
0.243509
0.174842
0.262894
0.335612
-0.353087
0.609098
0.235484
-0.0136093
0.183978
0.301269
-0.87324
0.031175
-0.27989
0.21066
-0.189651
0.600594
0.668563
-0.107203
0.0968254
0.201262
0.0944678
0.1964
0.427698
-0.0971912
0.677229
0.11001
0.874218
-0.109753
0.0147666
0.451579
0.333697
-0.130584
0.0630433
0.199278
0.336696
0.291267
0.103132
0.13957
-0.240506
0.317476
0.74561
0.487134
0.257636
-0.394998
0.542955
-0.182329
0.472364
-0.125306
-0.192792
0.261936
0.10055
0.132669
0.165219
0.448794
0.15753
0.336985
0.589614
0.175295
0.413099
-0.466712
-0.354251
0.371666
0.413914
-0.732757
0.0155178
0.196786
-0.299881
0.0338582
0.288255
0.175643
0.470999
-0.203691
0.278148
0.649444
0.552102
0.078499
0.196273
0.000740663
-0.182767
0.309839
0.252731
0.605358
-0.159904
0.740632
0.440178
0.797709
0.0617326
-0.0332006
0.565724
0.72679
-0.000254651
0.559134
0.480783
0.0688907
-0.146271
-0.344432
0.127787
0.786225
0.157927
-0.159859
0.689649
0.387542
0.583241
0.325933
-0.215035
0.11169
0.512562
0.37539
-0.104991
-0.130634
0.445493
0.561121
0.262636
0.509422
0.52549
-0.0438016
-0.333779
0.26618
0.0400449
0.626176
0.429597
-0.412479
0.247379
0.0437902
0.612758
-0.293178
0.106308
0.590057
-0.0862204
0.0957109
-0.0127376
-3.63255
0.290935
-0.204233
0.0343013
0.370062
0.601237
0.365213
0.597577
0.471706
-0.14503
-0.15374
-0.0985794
0.393433
0.327263
0.465102
0.312461
0.42261
-1.09816
-0.330525
0.0324197
0.350639
0.437258
-0.100493
-0.23117
0.10222
0.406354
-0.2362
-0.0426336
0.437783
-0.0294758
-0.0638004
-0.238059
-0.218979
0.497916
0.199291
0.354778
0.155021
0.39262
0.663614
0.219814
-0.158321
0.622499
-0.0583893
-4.3398
-3.41593
0.603782
-0.106144
0.123664
0.0304134
-0.0583829
0.0600377
0.294366
0.126311
0.33599
0.65268
0.628485
0.487592
-3.49514
-0.254135
-1.59885
-0.202164
0.198542
-0.00881544
0.192301
-1.51747
0.600617
-0.413862
-0.653961
0.655628
-0.205305
0.0181105
-0.0370888
-0.0737965
-0.165054
0.491083
-0.15871
0.118297
-0.140652
0.0424536
-0.524287
0.283963
0.256162
-0.337179
0.242995
0.31484
0.552105
0.0848299
0.0864924
0.35764
0.0381842
-0.378371
0.195812
0.169938
-0.248079
-0.17207
-0.0185404
0.417018
0.467419
0.455302
0.656227
0.315914
-4.49271
-2.26182
-0.0839757
-0.274331
0.134938
-0.105816
0.223383
0.156242
0.260192
-0.174797
-0.213098
0.171338
-2.43258
-0.106946
0.489177
0.191674
0.190637
-0.200313
-0.0982014
0.0291743
0.0587453
0.365856
0.830972
0.343912
-0.0313811
0.211302
-0.188973
-0.0799081
-0.274427
0.275951
-0.494978
-0.38279
0.0598496
0.228184
-0.0573002
-0.0586178
-0.135373
-0.00156993
0.238132
-0.197195
0.587515
-0.157492
-0.0586427
-0.0687535
0.375827
0.424327
-0.0310462
0.747857
-0.058765
-0.150084
0.663367
0.643435
0.681238
0.525408
-0.259918
-0.346092
0.310063
0.489968
-0.238549
-0.329394
0.395968
-0.415554
0.557983
0.353944
-4.22751
0.192268
