1767.13
1768.25
1942.14
1948.53
1954.87
1969.01
2007.1
2472.82
2492.18
2124.03
855.56
857.719
860.968
861.189
965.353
1017.24
1116.14
1117.98
1126.08
1127.5
1136.22
1136.91
1147.32
1157.16
1163.37
1165.85
1169.9
1186.12
1188.95
1179.89
1442.84
1467.1
1487.21
1564.45
1583.59
1633.67
1520.73
1714.15
1612.38
2022.82
2148.35
2192.61
2307.38
2424.16
2483.02
2603.91
1783.33
1814.4
2132.77
782.91
926.627
1055.64
1058.44
1070.69
1072.81
1085.77
1086.79
1101.92
1115.31
1116.03
1120.49
1124.81
1128.33
1133.9
1147.64
1156.07
1159.91
1162.8
1165.85
1166.79
1189.22
1224.47
1263.04
1317.6
1328.8
1334.87
1337.69
1354.64
1358.3
1361.76
1367.07
1368.55
1369.85
1971.48
2350.66
2359.06
2413.21
1988.13
2369.72
1117.08
1123.33
1135
1144.42
1146.2
1147.23
1151.45
1511.67
1548.07
1574.86
1579.16
1631.54
1640.49
1649.93
1643.65
1714.38
1589.51
1644.75
1663.4
1679.35
1680.05
1706.53
1712.8
1713.44
1714.9
1728.56
1747.49
1857.2
1950.52
2009.42
2052.25
2059.1
2187.59
2219.07
2259.47
1771.82
1973.57
2141.06
2159.67
2169.26
2241.43
2262.42
2284.78
2473.92
643.374
646.694
665.865
683.369
683.655
690.349
696.347
700.742
707.452
726.296
737.862
743.359
752.039
753.75
991.836
1003.45
1024.67
1041.37
1044.49
1046.31
1053.63
1067.68
1088.5
1280.06
1318.54
1323.77
1325.3
1331.27
1334.92
1340.18
1341.99
1342.46
1347.16
1348.03
1359.07
1360.04
1362.51
1364.13
1364.56
1371.32
1371.5
1374.43
1386.67
1398.32
1454.71
1132.17
2417.77
857.682
860.402
911.796
1022.15
1158.8
1468.84
1513.66
1517.9
1524.74
1536.49
1547.36
1560.33
1655.37
1558.67
1569.08
1578.77
1627.22
2024.85
2220.76
2573.1
2713.81
2014.13
2042.99
2065.81
2079.57
2314.64
641.014
680.127
1019.04
1115.22
1126.51
1164.67
1227.78
1229.46
1236.65
1243.23
1252.29
1275.68
1277.95
1273.94
1282.24
1287.61
1305.35
1310.93
589.748
1900.47
2021.64
1947.3
1079.16
1150.25
1417.94
1418.04
1421.6
1422.37
1428.49
1434.11
1434.26
1443.32
1444.83
1446
1457.55
1462.49
1549.12
1564.57
1570.03
1490.95
1491.44
1501.57
1646.8
1656.51
1686.89
2256.6
2509.36
2539.81
2553.39
2710.72
1924.4
1986.51
989.9
1101.27
1218.51
1227.7
1241.76
1241.91
1253.2
1253.99
1266.92
1278.44
1280.49
1283.19
1286.63
1289.88
1296.17
1299.38
1307.95
1315.71
1317.84
1404.95
1409.09
1409.05
1893.57
2134.08
2134.2
2141.58
2158.48
2458.71
2575.16
1937.72
824.041
1073.41
1140.41
1408.54
1411.49
1411.64
1415.25
1415.82
1421.99
1427.14
1427.58
1427.79
1432.01
1439.51
1442.9
1451.19
1456.31
1468.22
1543.17
1558.06
1564.01
1661.15
1482.43
1625.88
1654.91
1657.64
2111.05
2232.02
2232.09
2376.95
2548.69
1833.77
1834.01
1854.5
1855.44
1893.78
1899.24
1912.54
1920.75
2534.09
986.899
1091.46
1219.43
1219.86
1237.28
1237.4
1248.57
1249.38
1262.21
1273.66
1275.75
1278.4
1281.82
1285.03
1291.41
1293.11
1303
1310.7
1312.81
1398.56
1402.52
1402.66
2206.43
2212.65
1145.92
1537.03
1545.5
1556.35
1565.07
1568.26
1570.93
1846.4
1980.13
1993.85
2011.42
2034.99
2468.34
2513.46
1385.7
702.126
710.289
711.399
820.252
832.077
960.977
972.796
974.792
996.607
1070.62
1111.71
1115.97
1122.66
1130.42
1133.47
1138.99
1142.38
1145.28
1148.62
1149.34
1150.5
1154.55
1155.44
1161.07
1161.35
1163.93
1165.2
1167.27
1170.13
1172.15
1174.95
1172.62
1172.61
1173.41
1174.8
1176.14
1178.8
1190.02
1190.29
1191.66
1196.17
1196.55
1196.58
1196.7
1198.05
1201.81
1208.02
1209.91
1325.05
1512.42
800.95
2057.22
2101.23
1088.7
1103.98
1133.36
1174.44
1190.3
1209.64
1238.22
1247.33
1258.54
1579.07
1583.43
1622.82
1333.01
1350.47
1394.75
1396.47
1475.7
2065.01
2567.24
2567.94
2568.89
2578.13
2579.53
2580.44
2587.3
2068.62
2075.14
2094.88
2119.21
1052.73
1056.86
1110.21
1130.42
1188.83
1420.6
1287.31
1482.22
718.833
791.702
960.989
1052.81
1082.75
1163.68
1268.77
1309.06
1369.07
865.091
2260.45
2301.19
2304.92
2339.15
2038.45
1098.06
1099.66
1102.3
1110.09
1130.37
1208.75
1236.95
1298.5
1532.3
1538.32
1562.16
1568.91
1573.18
1574
1578.82
1580.65
1585.02
1585.06
1589.2
1597.34
1602.7
1606
1614.44
1998.08
1512.86
1562.73
1632.8
1683.37
1737.46
2037.72
2045.46
2062.08
2075.02
1778.5
653.403
692.281
933.545
942.243
958.055
1133.81
1267.31
1324.55
1317.33
1354.52
1587.64
1352.16
1368.68
1388.09
997.719
1134.66
941.44
1016.02
1038.59
1047
1182.26
1216.43
1227.46
1434.34
1435.92
1452.08
2108.41
2125.7
1322.9
1501.57
1502.17
1547.4
1635.05
1918.01
1879.87
2398.53
2417.43
2420.64
2438.72
727.246
919.588
934.873
1057.16
1134.85
1147.38
1156.96
1158.23
1164.56
1166.04
1170.05
1173.7
1177.71
1181.57
1183.82
1188.78
1190.18
1190.6
1194.05
1194.86
1207.4
1222.41
1281.66
1382.69
1400.27
823.942
1193.21
1322.7
1877.43
1904.72
1030.88
1289.76
1297.97
1350.26
1574.24
799.503
924.004
926.211
986.976
1066.26
1099.17
1118.57
1123.8
1138.1
1138.83
1144.93
1146.04
1166
1173.88
1194.86
1260.44
1271.42
1313.11
1372.65
1414.37
1946.23
2235.1
1030.25
1085.01
1193.04
1205.96
1220.97
1226.27
1566.73
1580.26
1586.91
1645.79
1682.4
1343.98
1370.66
1375.63
1904.57
2040.52
2076.73
2144.43
2375.43
2377.86
2379.66
2389.8
2390.67
2392.66
2425.23
1401.12
2398.06
2413.12
708.144
756.771
762.812
827.057
891.825
967.605
1080.96
1101.1
1122.73
1126.75
1147.16
1155.63
1166.65
1173.43
1405.41
1440.82
0
1513.33
889.306
890.391
891.084
1498.42
1853.8
2176.85
920.786
934.986
939.369
1314.37
1508.8
1525.45
1585.79
1602.19
1708.91
1741.72
1512.15
1808.99
1868.18
1878.49
2119.44
2468.1
2507.64
2526.82
1623.94
1966.8
895.423
1164.91
1168.75
1170.42
1184.51
1185.59
1189.04
1199.19
1226.85
1275.24
1292.12
1305.17
1307.53
1330.61
1342.07
1378.38
1399.1
1427.96
1429.17
1461.03
1465.55
1489.78
1496.98
1165.64
1256.99
1316.9
1483.9
2161.68
920.01
968.091
1546.99
1624.92
2018.2
1722.64
1738.64
1750
2011.08
2133.86
2160.07
2272.17
2294.36
1810.61
649.235
1357.64
1368.57
1371.27
1378.12
1379.05
1386.14
1414.02
907.829
1095.36
1172.68
1245.23
1287.52
1520.37
1548.24
1575.8
1582.92
1587.38
2672.91
2703
817.877
963.994
973.181
1055.04
1067.46
1073.95
1092.52
1098.77
1131.91
1207.51
1264.66
1287.36
1324.78
1325.37
1332.45
1334.97
1347.15
1220.22
1231.16
1550.8
1562.1
1567.91
1773.67
1782.09
1985.84
2629.97
1398.78
1420.74
1584.7
1696.53
2349.22
2643.94
2652.47
1419.11
816.959
1047.1
1080.77
1145.47
1162.92
1200.57
1230.7
1271.13
1287.04
1300
1365.36
1377.95
1388.99
1110.66
1134.44
1143.53
1167.88
1207.54
1224.2
1616.29
1417.62
1625.49
2032.25
2097.67
889.667
937.975
946.284
960.514
972.087
1011.49
1031.11
1031.43
1056.55
1124.88
1142.68
1151.93
1160.41
1200.11
1197.7
1285.87
1368.35
1406.35
1444.79
792.682
994.025
1096.76
1135.78
1198.3
1377.25
916.846
953.784
996.651
1060.83
1109.52
1127
1128.2
1196.61
1327.41
1405.11
1408.66
1424.33
1426.14
1435.19
1458.79
1517.91
858.317
1093.24
1552.89
1583.66
1609.89
1642.66
1707.79
1712.4
1726.41
1736.36
1738.86
1752.94
1592.8
1607.94
1617.84
2852.69
1962.17
1999.24
2048.92
2090.82
2103.34
2242.2
2270.01
2284.76
2288.46
2309.23
2502.68
2775.18
2278.21
762.478
763.451
765.742
767.061
984.934
1062.99
1070.83
1266.58
1305.05
1328.36
1331.56
1406.22
1453.49
1459.01
1470.58
1501.31
772.134
2218.21
993.318
994.209
1100.96
1528.13
1535.92
1560.6
1560.62
1703.77
2016.49
2259.4
2516.29
1702.23
1741.68
1780.98
1786.92
1803.31
1944.65
1958.23
1959.47
2015.58
2645.36
660.76
684.185
741.754
761.46
783.764
805.454
876.017
919.338
926.003
938.546
1013.99
1063.97
1078.44
1196.99
1236.89
1248.61
1365.17
1365.17
1374.89
1391.21
1401.54
1412.07
1414.06
1416.47
1417.38
1420.23
1423.77
1425.7
1426.73
1430.58
1435.93
1448.54
1456.95
1474.19
1111.01
1474.92
1475.14
1479.75
663.963
687.979
899.304
1244.34
1407.07
1455.73
1970.33
992.775
1113.07
1121.11
1131.47
1134.36
1139.29
1157.22
1160.96
1161.51
1324.03
1536.28
1979.07
2229.12
2341.67
2352.33
2355.89
2359.53
2364.41
2372.08
1429.98
2083.26
677.105
872.303
983.287
1003.05
1008.49
1017.67
1021.42
1050.19
1056.3
1056.87
1057.83
1126.28
1128.51
1136.29
1166.31
1224.53
1224.55
1225.52
1225.68
1342.48
1347.51
1375.93
1377.76
1398.4
1423.53
1458.73
1458.41
1508.68
1226.87
1442.49
1961.04
