1767.13
1768.25
1942.15
1948.54
1954.88
1969.02
2007.11
2472.83
2492.19
2124.05
855.562
857.72
860.969
861.189
965.355
1017.24
1116.15
1117.99
1126.09
1127.51
1136.22
1136.91
1147.32
1157.16
1163.37
1165.85
1169.91
1186.13
1188.96
1179.9
1442.84
1467.11
1487.22
1564.45
1583.59
1633.68
1520.73
1714.15
1612.38
2022.82
2148.36
2192.62
2307.39
2424.16
2483.03
2603.91
1783.33
1814.4
2132.77
782.91
926.628
1055.64
1058.45
1070.69
1072.81
1085.77
1086.79
1101.92
1115.31
1116.03
1120.5
1124.81
1128.33
1133.91
1147.64
1156.07
1159.91
1162.8
1165.85
1166.79
1189.22
1224.47
1263.04
1317.6
1328.81
1334.87
1337.69
1354.64
1358.31
1361.76
1367.07
1368.55
1369.85
1971.48
2350.66
2359.06
2413.21
1988.13
2369.72
1117.08
1123.33
1135.01
1144.42
1146.2
1147.23
1151.45
1511.67
1548.08
1574.87
1579.16
1631.55
1640.5
1649.93
1643.65
1714.38
1589.51
1644.75
1663.4
1679.35
1680.05
1706.53
1712.8
1713.44
1714.9
1728.56
1747.49
1857.2
1950.53
2009.42
2052.25
2059.11
2187.59
2219.07
2259.47
1771.82
1973.57
2141.06
2159.67
2169.26
2241.43
2262.42
2284.78
2473.92
643.374
646.695
665.866
683.37
683.656
690.35
696.348
700.743
707.453
726.297
737.863
743.36
752.04
753.75
991.837
1003.45
1024.67
1041.38
1044.49
1046.31
1053.63
1067.69
1088.5
1280.06
1318.54
1323.77
1325.3
1331.27
1334.92
1340.18
1341.99
1342.46
1347.16
1348.03
1359.07
1360.04
1362.51
1364.14
1364.56
1371.32
1371.5
1374.43
1386.67
1398.33
1454.71
1132.17
2417.77
857.683
860.403
911.798
1022.16
1158.8
1468.84
1513.66
1517.9
1524.74
1536.49
1547.37
1560.33
1655.38
1558.67
1569.08
1578.77
1627.22
2024.85
2220.77
2573.1
2713.81
2014.13
2042.99
2065.81
2079.57
2314.65
641.015
680.127
1019.04
1115.23
1126.51
1164.67
1227.79
1229.46
1236.65
1243.23
1252.29
1275.69
1277.95
1273.94
1282.24
1287.61
1305.35
1310.93
589.749
1900.47
2021.64
1947.3
1079.17
1150.25
1417.94
1418.05
1421.6
1422.37
1428.49
1434.11
1434.26
1443.33
1444.83
1446.01
1457.55
1462.49
1549.12
1564.57
1570.04
1490.96
1491.44
1501.57
1646.8
1656.51
1686.9
2256.61
2509.36
2539.82
2553.39
2710.72
1924.41
1986.51
989.901
1101.27
1218.52
1227.7
1241.77
1241.92
1253.2
1253.99
1266.92
1278.44
1280.49
1283.19
1286.64
1289.88
1296.18
1299.38
1307.95
1315.71
1317.84
1404.95
1409.09
1409.05
1893.57
2134.09
2134.21
2141.58
2158.49
2458.72
2575.16
1937.72
824.042
1073.41
1140.42
1408.54
1411.49
1411.65
1415.25
1415.83
1421.99
1427.15
1427.58
1427.79
1432.01
1439.51
1442.9
1451.19
1456.32
1468.22
1543.17
1558.06
1564.02
1661.15
1482.43
1625.89
1654.91
1657.65
2111.06
2232.02
2232.09
2376.95
2548.7
1833.77
1834.01
1854.5
1855.44
1893.78
1899.24
1912.54
1920.75
2534.09
986.9
1091.46
1219.43
1219.87
1237.28
1237.41
1248.57
1249.38
1262.21
1273.67
1275.76
1278.4
1281.82
1285.03
1291.41
1293.12
1303
1310.7
1312.81
1398.57
1402.52
1402.66
2206.43
2212.66
1145.92
1537.03
1545.5
1556.35
1565.07
1568.27
1570.93
1846.4
1980.13
1993.85
2011.42
2034.99
2468.34
2513.46
1385.7
702.126
710.29
711.4
820.253
832.078
960.978
972.797
974.793
996.609
1070.62
1111.72
1115.97
1122.66
1130.42
1133.48
1139
1142.38
1145.28
1148.62
1149.34
1150.5
1154.55
1155.44
1161.08
1161.36
1163.93
1165.21
1167.28
1170.13
1172.15
1174.95
1172.62
1172.61
1173.41
1174.8
1176.14
1178.8
1190.02
1190.3
1191.66
1196.17
1196.55
1196.58
1196.71
1198.05
1201.81
1208.02
1209.91
1325.05
1512.42
800.951
2057.22
2101.23
1088.71
1103.98
1133.36
1174.44
1190.3
1209.64
1238.22
1247.33
1258.54
1579.07
1583.43
1622.82
1333.01
1350.47
1394.75
1396.48
1475.71
2065.01
2567.25
2567.95
2568.89
2578.13
2579.53
2580.44
2587.31
2068.62
2075.14
2094.88
2119.21
1052.73
1056.86
1110.21
1130.42
1188.83
1420.6
1287.31
1482.22
718.833
791.703
960.99
1052.81
1082.75
1163.68
1268.78
1309.06
1369.07
865.092
2260.45
2301.19
2304.93
2339.16
2038.45
1098.06
1099.66
1102.3
1110.09
1130.37
1208.75
1236.95
1298.51
1532.31
1538.33
1562.16
1568.91
1573.18
1574
1578.82
1580.65
1585.02
1585.06
1589.2
1597.34
1602.7
1606
1614.44
1998.08
1512.87
1562.73
1632.8
1683.37
1737.46
2037.73
2045.46
2062.08
2075.02
1778.5
653.404
692.281
933.546
942.244
958.056
1133.82
1267.31
1324.56
1317.33
1354.52
1349.57
1352.16
1368.68
1388.1
997.721
1134.66
941.442
1016.03
1038.59
1047
1182.26
1216.43
1227.46
1434.35
1435.92
1452.08
2108.41
2125.7
1322.9
1501.57
1502.17
1547.4
1635.05
1918.01
1879.88
2398.54
2417.44
2420.64
2438.73
727.247
919.589
934.874
1057.16
1134.85
1147.38
1156.96
1158.23
1164.57
1166.04
1170.05
1173.71
1177.71
1181.57
1183.82
1188.78
1190.18
1190.61
1194.05
1194.86
1207.4
1222.42
1281.67
1382.69
1400.27
823.943
1193.21
1322.7
1877.44
1904.73
1030.88
1289.76
1297.97
1350.26
1574.24
799.504
924.005
926.212
986.977
1066.27
1099.17
1118.57
1123.8
1138.1
1138.83
1144.93
1146.05
1166
1173.88
1194.86
1260.45
1271.43
1313.11
1372.65
1414.37
1946.23
2235.11
1030.26
1085.01
1193.05
1205.96
1220.98
1226.27
1566.74
1580.27
1586.92
1645.79
1682.41
1343.98
1370.66
1375.63
1904.57
2040.52
2076.73
2144.43
2375.43
2377.87
2379.66
2389.8
2390.67
2392.66
2425.23
1401.12
2398.07
2413.13
708.145
756.772
762.814
827.058
891.827
967.606
1080.96
1101.1
1122.73
1126.75
1147.16
1155.63
1166.65
1173.43
1405.41
1440.82
1453.99
1513.33
889.306
890.392
891.085
1498.43
1853.8
2176.85
920.787
934.987
939.37
1314.37
1508.8
1525.45
1585.79
1602.2
1708.91
1741.72
1512.15
1808.99
1868.19
1878.49
2119.44
2468.1
2507.65
2526.82
1623.94
1966.8
895.425
1164.91
1168.75
1170.43
1184.51
1185.59
1189.04
1199.19
1226.85
1275.24
1292.13
1305.17
1307.53
1330.61
1342.07
1378.38
1399.1
1427.96
1429.17
1461.04
1465.55
1489.79
1496.98
1165.64
1256.99
1316.9
1483.91
2161.68
920.011
968.093
1546.99
1624.92
2018.2
1722.64
1738.64
1750.01
2011.08
2133.86
2160.08
2272.17
2294.37
1810.61
649.236
1357.65
1368.57
1371.27
1378.12
1379.05
1386.15
1414.03
907.83
1095.36
1172.68
1245.23
1287.53
1520.37
1548.25
1575.81
1582.92
1587.39
2672.92
2703.01
817.878
963.995
973.182
1055.04
1067.47
1073.95
1092.52
1098.77
1131.91
1207.51
1264.67
1287.36
1324.78
1325.37
1332.45
1334.97
1347.15
1220.22
1231.16
1550.8
1562.1
1567.92
1773.67
1782.09
1985.84
2629.98
1398.78
1420.75
1584.7
1696.53
2349.22
2643.94
2652.47
1419.11
816.96
1047.1
1080.77
1145.47
1162.92
1200.57
1230.7
1271.14
1287.04
1300
1365.36
1377.95
1388.99
1110.66
1134.45
1143.53
1167.88
1207.54
1224.2
1616.29
1417.63
1625.5
2032.25
2097.67
889.668
937.976
946.285
960.515
972.088
1011.49
1031.11
1031.43
1056.55
1124.88
1142.68
1151.93
1160.41
1200.11
1197.7
1285.87
1368.35
1406.35
1444.79
792.683
994.027
1096.76
1135.78
1198.3
1377.26
916.847
953.785
996.652
1060.83
1109.52
1127
1128.21
1196.61
1327.41
1405.12
1408.66
1424.33
1426.14
1435.19
1458.79
1517.92
858.318
1093.25
1552.9
1583.66
1609.9
1642.66
1707.79
1712.41
1726.41
1736.36
1738.87
1752.94
1592.8
1607.94
1617.84
2852.7
1962.18
1999.24
2048.93
2090.83
2103.35
2242.21
2270.01
2284.76
2288.47
2309.23
2502.68
2775.19
2278.21
762.479
763.452
765.743
767.061
984.935
1062.99
1070.83
1266.58
1305.05
1328.37
1331.56
1406.22
1453.49
1459.01
1470.59
1501.32
772.134
2218.21
993.32
994.21
1100.96
1528.13
1535.92
1560.6
1560.63
1703.77
2016.49
2259.4
2516.3
1702.23
1741.68
1780.98
1786.92
1803.31
1944.65
1958.23
1959.47
2015.58
2645.37
660.761
684.186
741.755
761.461
783.765
805.455
876.018
919.34
926.005
938.547
1014
1063.97
1078.44
1196.99
1236.89
1248.61
1365.17
1365.18
1374.89
1391.21
1401.54
1412.08
1414.06
1416.47
1417.38
1420.23
1423.77
1425.71
1426.73
1430.59
1435.93
1448.54
1456.95
1474.19
1474.37
1474.92
1475.14
1479.75
663.964
687.979
899.305
1244.34
1407.08
1455.74
1970.34
992.776
1113.07
1121.11
1131.47
1134.36
1139.3
1157.23
1160.97
1161.51
1324.03
1536.28
1979.07
2229.12
2341.67
2352.33
2355.89
2359.53
2364.41
2372.08
1429.98
2083.27
677.106
872.304
983.288
1003.05
1008.49
1017.67
1021.42
1050.19
1056.3
1056.87
1057.83
1126.28
1128.51
1136.29
1166.31
1224.53
1224.55
1225.52
1225.68
1342.48
1347.52
1375.94
1377.77
1398.4
1423.53
1458.73
1458.41
1508.68
1226.87
1442.5
1961.04
